%YAML:1.0 #Generated by COLMAP
ImageSize: [1242, 375]...
---
CameraExtrinsicMat: !!opencv-matrix
   rows: 4
   cols: 4
   dt: d
   data: [ 1., 0., 0., 0., 0., 1., 0., 0., 0., 0., 1., 0., 0., 0., 0.,
       1. ]
CameraMat: !!opencv-matrix
   rows: 3
   cols: 3
   dt: d
   data: [ 7.2542600000000004e+02, 0., 621., 0., 7.4305999999999995e+02,
       1.8750000000000000e+02, 0., 0., 1. ]
DistCoeff: !!opencv-matrix
   rows: 1
   cols: 4
   dt: d
   data: [ 2.3328100000000001e-02, -8.4143299999999994e-03,
       2.5240200000000001e-03, 2.4092599999999999e-03 ]
ReprojectionError: 0.
