%YAML:1.0 #Generated by COLMAP
ImageSize: [800, 600]...
---
CameraExtrinsicMat: !!opencv-matrix
   rows: 4
   cols: 4
   dt: d
   data: [ 1., 0., 0., 0., 0., 1., 0., 0., 0., 0., 1., 0., 0., 0., 0.,
       1. ]
CameraMat: !!opencv-matrix
   rows: 3
   cols: 3
   dt: d
   data: [ 1.2655400000000000e+03, 0., 400., 0., 1.2501600000000001e+03,
       300., 0., 0., 1. ]
DistCoeff: !!opencv-matrix
   rows: 1
   cols: 4
   dt: d
   data: [ -1.2604599999999999e-01, 4.4116800000000000e-01,
       -6.8070200000000004e-04, 4.0032700000000002e-04 ]
ReprojectionError: 0.
