%YAML:1.0 #Generated by COLMAP
ImageSize: [800, 600]...
---
CameraExtrinsicMat: !!opencv-matrix
   rows: 4
   cols: 4
   dt: d
   data: [ 1., 0., 0., 0., 0., 1., 0., 0., 0., 0., 1., 0., 0., 0., 0.,
       1. ]
CameraMat: !!opencv-matrix
   rows: 3
   cols: 3
   dt: d
   data: [ 1.2648299999999999e+03, 0., 400., 0., 1.2882200000000000e+03,
       300., 0., 0., 1. ]
DistCoeff: !!opencv-matrix
   rows: 1
   cols: 4
   dt: d
   data: [ -8.3215200000000003e-02, 2.7564000000000000e-01,
       -1.9329799999999999e-03, -1.0937700000000000e-03 ]
ReprojectionError: 0.
