%YAML:1.0 #Generated by COLMAP
ImageSize: [800, 600]...
---
CameraExtrinsicMat: !!opencv-matrix
   rows: 4
   cols: 4
   dt: d
   data: [ 1., 0., 0., 0., 0., 1., 0., 0., 0., 0., 1., 0., 0., 0., 0.,
       1. ]
CameraMat: !!opencv-matrix
   rows: 3
   cols: 3
   dt: d
   data: [ 1.2521700000000001e+03, 0., 400., 0., 1.2299300000000001e+03,
       300., 0., 0., 1. ]
DistCoeff: !!opencv-matrix
   rows: 1
   cols: 4
   dt: d
   data: [ -1.2643099999999999e-01, 4.0738300000000000e-01,
       1.9675999999999999e-03, -9.2871200000000005e-04 ]
ReprojectionError: 0.
