%YAML:1.0 #Generated by COLMAP
ImageSize: [800, 600]...
---
CameraExtrinsicMat: !!opencv-matrix
   rows: 4
   cols: 4
   dt: d
   data: [ 1., 0., 0., 0., 0., 1., 0., 0., 0., 0., 1., 0., 0., 0., 0.,
       1. ]
CameraMat: !!opencv-matrix
   rows: 3
   cols: 3
   dt: d
   data: [ 9.3604200000000003e+02, 0., 400., 0., 9.5317200000000003e+02,
       300., 0., 0., 1. ]
DistCoeff: !!opencv-matrix
   rows: 1
   cols: 4
   dt: d
   data: [ -1.4417300000000000e-01, 1.7245400000000000e-01,
       -2.5875900000000001e-05, 8.7668100000000003e-04 ]
ReprojectionError: 0.
